324,386,164,415,264,428,398,486,72,135
445,469,250,187,301,137,379,247,294,442
218,111,403,321,242,182,300,272,172,248
127,364,129,426,305,156,274,463,387,279
377,148,170,306,288,409,114,191,116,206
446,154,303,402,367,266,455,494,466,109
79,258,196,439,443,370,112,454,249,380
120,230,437,104,217,487,427,231,351,173
68,344,315,95,407,195,254,213,493,239
223,350,283,418,385,417,477,268,362,198
142,399,200,101,81,359,180,440,243,71
346,297,381,338,105,410,376,348,229,498
174,273,163,332,161,478,267,366,334,374
500,320,464,333,499,253,157,145,166,277
147,449,132,448,203,265,228,190,429,372
411,117,186,354,238,185,290,313,412,106
337,447,136,284,87,450,341,375,327,472
392,234,62,236,133,421,336,291,465,60
462,292,171,197,188,178,246,222,97,183
119,311,307,413,401,331,204,461,214,286
481,309,326,240,227,99,436,259,358,322
245,369,144,474,83,194,143,329,216,420
424,262,434,212,98,495,316,82,140,361
391,281,271,260,490,138,78,356,158,278
285,289,86,201,73,470,139,88,347,408
103,287,467,225,479,488,70,360,255,349
155,416,215,96,202,224,425,404,113,94
432,226,492,405,483,169,263,77,149,179
162,451,388,221,235,312,153,130,368,261
276,353,460,124,89,383,122,476,453,115
67,159,152,193,102,435,90,317,168,110
65,167,210,64,433,125,219,126,489,396
430,211,205,177,275,318,422,146,192,257
165,244,431,232,342,352,293,256,295,480
128,310,123,66,444,296,298,76,100,459
74,485,330,382,397,151,325,181,93,91
389,419,85,484,108,371,473,184,471,457
131,340,176,343,199,92,209,475,75,308
118,323,251,160,491,355,458,400,363,302
335,406,384,241,207,252,220,390,373,339
134,69,456,270,121,280,299,208,438,394
357,237,395,482,107,365,175,345,328,378
423,441,496,269,150,141,233,314,80,63
414,282,452,189,61,497,319,468,84,393